0000000000000000000000000000000000000000000000000000000000000000000000000000000000000000000000000000000000000000000000000000111100000000000000000000000
0000000000000000000000000000000000000000000000000000000000000000000000000000000000000000000000000000000000000000000000000001100110000000000000000000000
0000000000000000000000000000000000000000000000000000000000000000000000000000000000000000000000000000000000000000000000000011000011000000000000000000000
0000000000000000000000000000000000000000000000000000000000000000000000000000000000000000000000000000000000000000000000000110000001100000000000000000000
0000000000000000000000000000000000000000000000000000000000000000000000000000000000000000000000000000000000000000000000001100000000110000000000000000000
0000000000000000000000000000000000000000000000000000000000000000000000000000000000000000000000000000000000000000000000011000000000011000000000000000000
0000000000000000000000000000000000000000000000000000000000000000000000000000000000000000000000000000000000000000000000110000000000001100000000000000000
0000000000000000000000000000000000000000000000000000000000000000000000000000000000000000000000000000000000000000000001100000000000000110000000000000000
0000000000000000000000000000000000000000000000000000000000000000000000000000000000000000000000000000000000000000000011000000000000000011000000000000000
0000000000000000000000000000000000000000000000000000000000000000000000000000000000000000000000000000000000000000000110000000000000000001100000000000000
0000000000000000000000000000000000000000000000000000000000000000000000000000000000000000000000000000000000000000001100000000000000000000110000000000000
0000000000000000000000000000000000000000000000000000000000000000000000000000000000000000000000000000000000000000011000000000000000000000011000000000000
0000000000000000000000000000000000000000000000000000000000000000000000000000000000000000000000000000000000000000110000000000000000000000001100000000000
0000000000000000000000000000000000000000000000000000000000000000000000000000000000000000000000000000000000000001100000000000000000000000000110000000000
0000000000000000000000000000000000000000000000000000000000000000000000000000000000000000000000000000000000000011000000000000000000000000000011000000000
1111111111111111111111111111111111111111111111111111111111111111111111111111111111111111111111111111111111111110000000000000000000000000000011000000000
1000000000000000000000000000000000000000000000000000010000000000000000000000000000000000000000000000000000000011000000000000000000000000000110000000000
1000000000000000000000000000000000000000000000000000010000000000000000000000000000000000000000000000000000000001100000000000000000000000001100000000000
1000000000000000000000000000000000000000000000000000010000000000000000000000000000000000000000000000000000000000110000000000000000000000011000000000000
1000000000000000000000000000000000000000000000000000010000000000000000000000000000000000000000000000000000000000011000000000000000000000110000000000000
1000000000000000000000000000000000000000000000000000010000000000000000000000000000000000000000000000000000000000001100000000000000000001100000000000000
1000000000000000000000000000000000000000000000000000010000000000000000000000000000000000000000000000000000000000000110000000000000000011000000000000000
0000000000000000000000000000000000000000000000000000010000000000000000000000000000000000000000000000000000000000000011000000000000000110000000000000000
1000000000000000000000000000000000000000000000000000010000000000000000000000000000000000000000000000000000000000000001100000000000001100000000000000000
1000000000000000000000000000000000000000000000000000010000000000000000000000000000000000000000000000000000000000000000110000000000011000000000000000000
1000000000000000000000000000000000000000000000000000010000000000000000000000000000000000000000000000000000000000000000011000000000110000000000000000000
1000000000000000000000000000000000000000000000000000010000000000000000000000000000000000000000000000000000000000000000001100000001100000000000000000000
1000000000000000000000000000000000000000000000000000010000000000000000000000000000000000000000000000000000000000000000000110000011000000000000000000000
1000000000000000000000000000000000000000000000000000010000000000000000000000000000000000000000000000000000000000000000000011000110000000000000000000000
1000000000000000000000000000000000000000000000000000010000000000000000000000000000000000000000000000000000000000000000000001101100000000000000000000000
1000000000000000000000000000000000000000000000000000010000000000000000000000000000000000000000000000000000000000000000000000111000000000000000000000000
1000000000000000000000000000000000000000000000000000010000000000000000000000000000000000000000000000000000000000000000000000110000000000000000000000000
1000000000000000000000000000000000000000000000000000010000000000000000000000000000000000000000000000000000000000000000000001100000000000000000000000000
1000000000000000000000000000000000000000000000000000010000000000000000000000000000000000000000000000000000000000000000000011000000000000000000000000000
1000000000000000000000000000000000000000000000000000010000000000000000000000000000000000000000000000000000000000000000000110000000000000000000000000000
1000000000000000000000000000000000000000000000000000010000000000000000000000000000000000000000000000000000000000000000001100000000000000000000000000000
1000000000000000000000000000000000000000000000000000010000000000000000000000000000000000000000000000000000000000000000011000000000000000000000000000000
1000000000000000000000000000000000000000000000000000010000000000000000000000000000000000000000000000000000000000000000110000000000000000000000000000000
1000000000000000000000000000000000000000000000000000010000000000000000000000000000000000000000000000000000000000000001100000000000000000000000000000000
1000000000000000000000000000000000000000000000000000010000000000000000000000000000000000000000000000000000000000000011000000000000000000000000000000000
1111111111111111111111111111111111111111111111111111110000000000000000000000000000000000000000000000000000000000000110000000000000000000000000000000000
1000000000000000000000000000000000000000000000000000010000000000000000000000000000000000000000000000000000000000001100000000000000000000000000000000000
1000000000000000000000000000000000000000000000000000010000000000000000000000000000000000000000000000000000000000011000000000000000000000000000000000000
1000000000000000000000000000000000000000000000000000010000000000000000000000000000000000000000000000000000000000110000000000000000000000000000000000000
1000000000000000000000000000000000000000000000000000010000000000000000000000000000000000000000000000000000000001100000000000000000000000000000000000000
1000000000000000000000000000000000000000000000000000010000000000000000000000000000000000000000000000000000000011000000000000000000000000000000000000000
1000000000000000000000000000000000000000000000000000010000000000000000000000000000000000000000000000000000000110000000000000000000000000000000000000000
1000000000000000000000000000000000000000000000000000010000000000000000000000000000000000000000000000000000001100000000000000000000000000000000000000000
1000000000000000000000000000000000000000000000000000010000000000000000000000000000000000000000000000000000011000000000000000000000000000000000000000000
1000000000000000000000000000000000000000000000000000010000000000000000000000000000000000000000000000000000110000000000000000000000000000000000000000000
1000000000000000000000000000000000000000000000000000010000000000000000000000000000000000000000000000000001100000000000000000000000000000000000000000000
1000000000000000000000000000000000000000000000000000010000000000000000000000000000000000000000000000000011000000000000000000000000000000000000000000000
1000000000000000000000000000000000000000000000000000010000000000000000000000000000000000000000000000000110000000000000000000000000000000000000000000000
1000000000000000000000000000000000000000000000000000010000000000000000000000000000000000000000000000001100000000000000000000000000000000000000000000000
1000000000000000000000000000000000000000000000000000010000000000000000000000000000000000000000000000011000000000000000000000000000000000000000000000000
1000000000000000000000000000000000000000000000000000010000000000000000000000000000000000000000000000110000000000000000000000000000000000000000000000000
1000000000000000000000000000000000000000000000000000010000000000000000000000000000000000000000000001100000000000000000000000000000000000000000000000000
1000000000000000000000000000000000000000000000000000010000000000000000000000000000000000000000000011000000000000000000000000000000000000000000000000000
1000000000000000000000000000000000000000000000000000010000000000000000000000000000000000000000000110000000000000000000000000000000000000000000000000000
1000000000000000000000000000000000000000000000000000010000000000000000000000000000000000000000001100000000000000000000000000000000000000000000000000000
1000000000000000000000000000000000000000000000000000010000000000000000000000000000000000000000011000000000000000000000000000000000000000000000000000000
1000000000000000000000000000000000000000000000000000010000000000000000000000000000000000000000110000000000000000000000000000000000000000000000000000000
1000000000000000000000000000000000000000000000000000010000000000000000000000000000000000000001100000000000000000000000000000000000000000000000000000000
1000000000000000000000000000000000000000000000000000010000000000000000000000000000000000000011000000000000000000000000000000000000000000000000000000000
1000000000000000000000000000000000000000000000000000010000000000000000000000000000000000000110000000000000000000000000000000000000000000000000000000000
1000000000000000000000000000000000000000000000000000010000000000000000000000000000000000001100000000000000000000000000000000000000000000000000000000000
1000000000000000000000000000000000000000000000000000010000000000000000000000000000000000011000000000000000000000000000000000000000000000000000000000000
1000000000000000000000000000000000000000000000000000010000000000000000000000000000000000110000000000000000000000000000000000000000000000000000000000000
1000000000000000000000000000000000000000000000000000010000000000000000000000000000000001100000000000000000000000000000000000000000000000000000000000000
1000000000000000000000000000000000000000000000000000010000000000000000000000000000000011000000000000000000000000000000000000000000000000000000000000000
1000000000000000000000000000000000000000000000000000010000000000000000000000000000000110000000000000000000000000000000000000000000000000000000000000000
1000000000000000000000000000000000000000000000000000010000000000000000000000000000001100000000000000000000000000000000000000000000000000000000000000000
1000000000000000000000000000000000000000000000000000010000000000000000000000000000011000000000000000000000000000000000000000000000000000000000000000000
1000000000000000000000000000000000000000000000000000010000000000000000000000000000110000000000000000000000000000000000000000000000000000000000000000000
1000000000000000000000000000000000000000000000000000010000000000000000000000000001100000000000000000000000000000000000000000000000000000000000000000000
1000000000000000000000000000000000000000000000000000011000000000000000000000000011000000000000000000000000000000000000000000000000000000000000000000000
1000000000000000000000000000000000000000000000000000001100000000000000000000000110000000000000000000000000000000000000000000000000000000000000000000000
1000000000000000000000000000000000000000000000000000000100000000000000000000001100000000000000000000000000000000000000000000000000000000000000000000000
1000000000000000000000000000000000000000000000000000011100000000000000000000011000000000000000000000000000000000000000000000000000000000000000000000000
1000000000000000000000000000000000000000000000000011110100000000000000000000110000000000000000000000000000000000000000000000000000000000000000000000000
1000000000000000000000000000000000000000000000011110000100000000000000000001100000000000000000000000000000000000000000000000000000000000000000000000000
1000000000000000000000000000000000000000000011110000000110000000000000000011000000000000000000000000000000000000000000000000000000000000000000000000000
1000000000000000000000000000000000000000011110000000000010000000000000000110000000000000000000000000000000000000000000000000000000000000000000000000000
1000000000000000000000000000000000000011110000000000000010000000000000001100000000000000000000000000000000000000000000000000000000000000000000000000000
1000000000000000000000000000000000011110000000000000000010000000000000011000000000000000000000000000000000000000000000000000000000000000000000000000000
1000000000000000000000000000000011110000000000000000000010000000000000110000000000000000000000000000000000000000000000000000000000000000000000000000000
1000000000000000000000000000011110000000000000000000000011000000000001100000000000000000000000000000000000000000000000000000000000000000000000000000000
1000000000000000000000000011110000000000000000000000000001000000000011000000000000000000000000000000000000000000000000000000000000000000000000000000000
1000000000000000000000011110000000000000000000000000000001000000000110000000000000000000000000000000000000000000000000000000000000000000000000000000000
1000000000000000000011110000000000000000000000000000000001000000001100000000000000000000000000000000000000000000000000000000000000000000000000000000000
1000000000000000011110000000000000000000000000000000000001000000011000000000000000000000000000000000000000000000000000000000000000000000000000000000000
1000000000000011110000000000000000000000000000000000000001100000110000000000000000000000000000000000000000000000000000000000000000000000000000000000000
1000000000011110000000000000000000000000000000000000000000100001100000000000000000000000000000000000000000000000000000000000000000000000000000000000000
1000000011110000000000000000000000000000000000000000000000100011000000000000000000000000000000000000000000000000000000000000000000000000000000000000000
1000011110000000000000000000000000000000000000000000000000100110000000000000000000000000000000000000000000000000000000000000000000000000000000000000000
1011110000000000000000000000000000000000000000000000000000101100000000000000000000000000000000000000000000000000000000000000000000000000000000000000000
1110000000000000000000000000000000000000000000000000000000111000000000000000000000000000000000000000000000000000000000000000000000000000000000000000000
1111111111111111111111111111111111111111111111111111111111110000000000000000000000000000000000000000000000000000000000000000000000000000000000000000000